{
 "cells": [
  {
   "cell_type": "code",
   "execution_count": 2,
   "metadata": {},
   "outputs": [
    {
     "name": "stdout",
     "output_type": "stream",
     "text": [
      "  (0, 40)\t0.00047822889065034707\n",
      "  (0, 391)\t0.00045130856022730995\n",
      "  (0, 182)\t0.000328353107394887\n",
      "  (0, 381)\t0.00047822889065034707\n",
      "  (0, 74)\t0.001091116193717961\n",
      "  (0, 99)\t0.0008082483727115508\n",
      "  (0, 461)\t0.0008082483727115508\n",
      "  (0, 485)\t0.0006244174626294661\n",
      "  (0, 47)\t0.00038319241284055116\n",
      "  (0, 271)\t0.0009026171204546199\n",
      "  (0, 287)\t0.0004267322240590931\n",
      "  (0, 407)\t0.001818526989529935\n",
      "  (0, 130)\t0.0004041241863557754\n",
      "  (0, 150)\t0.000328353107394887\n",
      "  (0, 277)\t0.000363705397905987\n",
      "  (0, 237)\t0.0006244174626294661\n",
      "  (0, 380)\t0.0008082483727115508\n",
      "  (0, 160)\t0.000727410795811974\n",
      "  (0, 141)\t0.0017273825641598163\n",
      "  (0, 429)\t0.00038319241284055116\n",
      "  (0, 465)\t0.0004041241863557754\n",
      "  (0, 91)\t0.0011495772385216535\n",
      "  (0, 411)\t0.0011495772385216535\n",
      "  (0, 49)\t0.000656706214789774\n",
      "  (0, 475)\t0.00038319241284055116\n",
      "  :\t:\n",
      "  (18, 462)\t0.10348577777681177\n",
      "  (18, 41)\t0.04010139186644795\n",
      "  (18, 264)\t0.13798103703574902\n",
      "  (18, 111)\t0.034495259258937254\n",
      "  (18, 157)\t0.036264634747080804\n",
      "  (18, 82)\t0.034495259258937254\n",
      "  (18, 213)\t0.0444189269323098\n",
      "  (18, 266)\t0.034495259258937254\n",
      "  (18, 467)\t0.034495259258937254\n",
      "  (18, 427)\t0.06899051851787451\n",
      "  (18, 466)\t0.034495259258937254\n",
      "  (18, 291)\t0.10879390424124241\n",
      "  (18, 216)\t0.06899051851787451\n",
      "  (18, 245)\t0.04219265391348089\n",
      "  (18, 289)\t0.5211632158685344\n",
      "  (18, 483)\t0.10879390424124241\n",
      "  (18, 322)\t0.034495259258937254\n",
      "  (18, 254)\t0.06899051851787451\n",
      "  (18, 212)\t0.034495259258937254\n",
      "  (18, 109)\t0.19742091053546992\n",
      "  (18, 251)\t0.10348577777681177\n",
      "  (18, 496)\t0.0802027837328959\n",
      "  (18, 309)\t0.17247629629468628\n",
      "  (18, 452)\t0.15251879024883716\n",
      "  (18, 61)\t0.034495259258937254\n"
     ]
    }
   ],
   "source": [
    "import nltk\n",
    "from nltk.corpus import stopwords\n",
    "from sklearn.feature_extraction.text import TfidfVectorizer\n",
    "# nltk.download('gutenberg')\n",
    "# nltk.download('stopwords')\n",
    "\n",
    "full_gutenberg = [nltk.corpus.gutenberg.raw(f) for f in nltk.corpus.gutenberg.fileids()]\n",
    "sw = stopwords.words('english')\n",
    "full_gutenberg.append(\"[Pride and Prejudice by Jane Austen 1816] {0}\".format(open(\"a.txt\", \"r\").read()))\n",
    "vec = TfidfVectorizer(max_features=500, stop_words=sw, min_df=3)\n",
    "X = vec.fit_transform(full_gutenberg)\n",
    "print(X)"
   ]
  },
  {
   "cell_type": "code",
   "execution_count": null,
   "metadata": {},
   "outputs": [],
   "source": []
  },
  {
   "cell_type": "code",
   "execution_count": 3,
   "metadata": {},
   "outputs": [
    {
     "name": "stdout",
     "output_type": "stream",
     "text": [
      "Indexando documento  0\n",
      "Indexando documento  1\n",
      "Indexando documento  2\n",
      "Indexando documento  3\n",
      "Indexando documento  4\n",
      "Indexando documento  5\n",
      "Indexando documento  6\n",
      "Indexando documento  7\n",
      "Indexando documento  8\n",
      "Indexando documento  9\n",
      "Indexando documento  10\n",
      "Indexando documento  11\n",
      "Indexando documento  12\n",
      "Indexando documento  13\n",
      "Indexando documento  14\n",
      "Indexando documento  15\n",
      "Indexando documento  16\n",
      "Indexando documento  17\n",
      "Indexando documento  18\n"
     ]
    }
   ],
   "source": [
    "keywords = []\n",
    "n_keywords = 5\n",
    "for doc in range(X.shape[0]): # para cada documento\n",
    "    print(\"Indexando documento \", doc)\n",
    "    wordlist = []\n",
    "    for word in vec.vocabulary_.keys(): # para cada palavra\n",
    "        word_idx = vec.vocabulary_[word]\n",
    "        if X[doc,word_idx] > 0:\n",
    "            wordlist.append( (X[doc,word_idx], word) )\n",
    "    wordlist = sorted(wordlist, reverse=True)\n",
    "    keywords.append(wordlist[0:n_keywords])\n"
   ]
  },
  {
   "cell_type": "code",
   "execution_count": 4,
   "metadata": {},
   "outputs": [
    {
     "name": "stdout",
     "output_type": "stream",
     "text": [
      "Emma by Jane Austen 1816: ['mr', 'mrs', 'could', 'would', 'miss']\n",
      "Persuasion by Jane Austen 1818: ['anne', 'captain', 'mrs', 'could', 'mr']\n",
      "Sense and Sensibility by Jane Austen 1811: ['mrs', 'could', 'would', 'every', 'said']\n",
      "The King James Bible: ['unto', 'shall', 'lord', 'thou', 'thy']\n",
      "Poems by William Blake 1789: ['thee', 'thou', 'little', 'thy', 'like']\n",
      "Stories to Tell to Children by Sara Cone Bryant 1: ['little', 'said', 'came', 'one', 'king']\n",
      "The Adventures of Buster Bear by Thornton W. Burg: ['little', 'bear', 'brown', 'green', 'boy']\n",
      "Alice's Adventures in Wonderland by Lewis Carroll: ['alice', 'said', 'little', 'one', 'know']\n",
      "The Ball and The Cross by G.K. Chesterton 1909: ['said', 'man', 'like', 'one', 'us']\n",
      "The Wisdom of Father Brown by G. K. Chesterton 19: ['said', 'brown', 'like', 'man', 'one']\n",
      "The Man Who Was Thursday by G. K. Chesterton 1908: ['said', 'man', 'like', 'one', 'could']\n",
      "The Parent's Assistant, by Maria Edgeworth: ['said', 'mr', 'upon', 'mrs', 'would']\n",
      "Moby Dick by Herman Melville 1851: ['whale', 'one', 'ship', 'upon', 'like']\n",
      "Paradise Lost by John Milton 1667: ['thou', 'heaven', 'thee', 'thy', 'thus']\n",
      "The Tragedie of Julius Caesar by William Shakespe: ['haue', 'thou', 'shall', 'thee', 'enter']\n",
      "The Tragedie of Hamlet by William Shakespeare 159: ['ham', 'haue', 'lord', 'king', 'thou']\n",
      "The Tragedie of Macbeth by William Shakespeare 16: ['haue', 'thou', 'enter', 'thee', 'hath']\n",
      "Leaves of Grass by Walt Whitman 1855: ['see', 'thee', 'one', 'soul', 'love']\n",
      "Pride and Prejudice by Jane Austen 1816: ['mr', 'dear', 'must', 'daughters', 'see']\n"
     ]
    }
   ],
   "source": [
    "# Documentos e palavras-chave\n",
    "import re\n",
    "for doc in range(X.shape[0]):\n",
    "    x, y =re.split(r'[\\[\\]]', full_gutenberg[doc][0:50])[1], [k[1] for k in keywords[doc]] \n",
    "    print(f\"{x}: {y}\")"
   ]
  },
  {
   "cell_type": "code",
   "execution_count": 5,
   "metadata": {},
   "outputs": [
    {
     "name": "stdout",
     "output_type": "stream",
     "text": [
      "['Emma by Jane Austen 1816', 'Persuasion by Jane Austen 1818', 'Sense and Sensibility by Jane Austen 1811', 'The King James Bible', 'Poems by William Blake 1789', 'Stories to Tell to Children by Sara Cone Bryant 1', 'The Adventures of Buster Bear by Thornton W. Burg', \"Alice's Adventures in Wonderland by Lewis Carroll\", 'The Ball and The Cross by G.K. Chesterton 1909', 'The Wisdom of Father Brown by G. K. Chesterton 19', 'The Man Who Was Thursday by G. K. Chesterton 1908', \"The Parent's Assistant, by Maria Edgeworth\", 'Moby Dick by Herman Melville 1851', 'Paradise Lost by John Milton 1667', 'The Tragedie of Julius Caesar by William Shakespe', 'The Tragedie of Hamlet by William Shakespeare 159', 'The Tragedie of Macbeth by William Shakespeare 16', 'Leaves of Grass by Walt Whitman 1855', 'Pride and Prejudice by Jane Austen 1816']\n"
     ]
    },
    {
     "data": {
      "text/html": [
       "<div>\n",
       "<style scoped>\n",
       "    .dataframe tbody tr th:only-of-type {\n",
       "        vertical-align: middle;\n",
       "    }\n",
       "\n",
       "    .dataframe tbody tr th {\n",
       "        vertical-align: top;\n",
       "    }\n",
       "\n",
       "    .dataframe thead th {\n",
       "        text-align: right;\n",
       "    }\n",
       "</style>\n",
       "<table border=\"1\" class=\"dataframe\">\n",
       "  <thead>\n",
       "    <tr style=\"text-align: right;\">\n",
       "      <th></th>\n",
       "      <th>0</th>\n",
       "      <th>1</th>\n",
       "      <th>2</th>\n",
       "      <th>3</th>\n",
       "      <th>4</th>\n",
       "      <th>5</th>\n",
       "      <th>6</th>\n",
       "      <th>7</th>\n",
       "      <th>8</th>\n",
       "      <th>9</th>\n",
       "      <th>10</th>\n",
       "      <th>11</th>\n",
       "      <th>12</th>\n",
       "      <th>13</th>\n",
       "      <th>14</th>\n",
       "      <th>15</th>\n",
       "      <th>16</th>\n",
       "      <th>17</th>\n",
       "      <th>18</th>\n",
       "    </tr>\n",
       "  </thead>\n",
       "  <tbody>\n",
       "    <tr>\n",
       "      <th>0</th>\n",
       "      <td>1.000000</td>\n",
       "      <td>0.739133</td>\n",
       "      <td>0.870510</td>\n",
       "      <td>0.163681</td>\n",
       "      <td>0.292249</td>\n",
       "      <td>0.495627</td>\n",
       "      <td>0.432162</td>\n",
       "      <td>0.277281</td>\n",
       "      <td>0.580614</td>\n",
       "      <td>0.597084</td>\n",
       "      <td>0.560770</td>\n",
       "      <td>0.786020</td>\n",
       "      <td>0.400226</td>\n",
       "      <td>0.281795</td>\n",
       "      <td>0.244082</td>\n",
       "      <td>0.188845</td>\n",
       "      <td>0.245435</td>\n",
       "      <td>0.422442</td>\n",
       "      <td>0.639605</td>\n",
       "    </tr>\n",
       "    <tr>\n",
       "      <th>1</th>\n",
       "      <td>0.739133</td>\n",
       "      <td>1.000000</td>\n",
       "      <td>0.747756</td>\n",
       "      <td>0.147807</td>\n",
       "      <td>0.259126</td>\n",
       "      <td>0.456576</td>\n",
       "      <td>0.391501</td>\n",
       "      <td>0.244360</td>\n",
       "      <td>0.513196</td>\n",
       "      <td>0.539099</td>\n",
       "      <td>0.509621</td>\n",
       "      <td>0.677672</td>\n",
       "      <td>0.416495</td>\n",
       "      <td>0.269401</td>\n",
       "      <td>0.220473</td>\n",
       "      <td>0.174854</td>\n",
       "      <td>0.243412</td>\n",
       "      <td>0.398190</td>\n",
       "      <td>0.458801</td>\n",
       "    </tr>\n",
       "    <tr>\n",
       "      <th>2</th>\n",
       "      <td>0.870510</td>\n",
       "      <td>0.747756</td>\n",
       "      <td>1.000000</td>\n",
       "      <td>0.198287</td>\n",
       "      <td>0.330811</td>\n",
       "      <td>0.545250</td>\n",
       "      <td>0.438801</td>\n",
       "      <td>0.309499</td>\n",
       "      <td>0.610445</td>\n",
       "      <td>0.604783</td>\n",
       "      <td>0.613475</td>\n",
       "      <td>0.787780</td>\n",
       "      <td>0.441719</td>\n",
       "      <td>0.331692</td>\n",
       "      <td>0.261490</td>\n",
       "      <td>0.209957</td>\n",
       "      <td>0.274910</td>\n",
       "      <td>0.484916</td>\n",
       "      <td>0.482888</td>\n",
       "    </tr>\n",
       "    <tr>\n",
       "      <th>3</th>\n",
       "      <td>0.163681</td>\n",
       "      <td>0.147807</td>\n",
       "      <td>0.198287</td>\n",
       "      <td>1.000000</td>\n",
       "      <td>0.355737</td>\n",
       "      <td>0.272472</td>\n",
       "      <td>0.117320</td>\n",
       "      <td>0.118027</td>\n",
       "      <td>0.274180</td>\n",
       "      <td>0.232567</td>\n",
       "      <td>0.263128</td>\n",
       "      <td>0.285094</td>\n",
       "      <td>0.244404</td>\n",
       "      <td>0.462734</td>\n",
       "      <td>0.338570</td>\n",
       "      <td>0.279203</td>\n",
       "      <td>0.334117</td>\n",
       "      <td>0.388013</td>\n",
       "      <td>0.107726</td>\n",
       "    </tr>\n",
       "    <tr>\n",
       "      <th>4</th>\n",
       "      <td>0.292249</td>\n",
       "      <td>0.259126</td>\n",
       "      <td>0.330811</td>\n",
       "      <td>0.355737</td>\n",
       "      <td>1.000000</td>\n",
       "      <td>0.502407</td>\n",
       "      <td>0.375642</td>\n",
       "      <td>0.179721</td>\n",
       "      <td>0.384238</td>\n",
       "      <td>0.384819</td>\n",
       "      <td>0.382773</td>\n",
       "      <td>0.413764</td>\n",
       "      <td>0.358302</td>\n",
       "      <td>0.635043</td>\n",
       "      <td>0.376395</td>\n",
       "      <td>0.264818</td>\n",
       "      <td>0.391415</td>\n",
       "      <td>0.657110</td>\n",
       "      <td>0.177750</td>\n",
       "    </tr>\n",
       "    <tr>\n",
       "      <th>5</th>\n",
       "      <td>0.495627</td>\n",
       "      <td>0.456576</td>\n",
       "      <td>0.545250</td>\n",
       "      <td>0.272472</td>\n",
       "      <td>0.502407</td>\n",
       "      <td>1.000000</td>\n",
       "      <td>0.679076</td>\n",
       "      <td>0.425322</td>\n",
       "      <td>0.714451</td>\n",
       "      <td>0.670710</td>\n",
       "      <td>0.722985</td>\n",
       "      <td>0.749517</td>\n",
       "      <td>0.456245</td>\n",
       "      <td>0.310198</td>\n",
       "      <td>0.243541</td>\n",
       "      <td>0.214831</td>\n",
       "      <td>0.259537</td>\n",
       "      <td>0.487986</td>\n",
       "      <td>0.329372</td>\n",
       "    </tr>\n",
       "    <tr>\n",
       "      <th>6</th>\n",
       "      <td>0.432162</td>\n",
       "      <td>0.391501</td>\n",
       "      <td>0.438801</td>\n",
       "      <td>0.117320</td>\n",
       "      <td>0.375642</td>\n",
       "      <td>0.679076</td>\n",
       "      <td>1.000000</td>\n",
       "      <td>0.280427</td>\n",
       "      <td>0.497281</td>\n",
       "      <td>0.569818</td>\n",
       "      <td>0.493837</td>\n",
       "      <td>0.535180</td>\n",
       "      <td>0.356351</td>\n",
       "      <td>0.207031</td>\n",
       "      <td>0.178805</td>\n",
       "      <td>0.130253</td>\n",
       "      <td>0.174894</td>\n",
       "      <td>0.380618</td>\n",
       "      <td>0.300129</td>\n",
       "    </tr>\n",
       "    <tr>\n",
       "      <th>7</th>\n",
       "      <td>0.277281</td>\n",
       "      <td>0.244360</td>\n",
       "      <td>0.309499</td>\n",
       "      <td>0.118027</td>\n",
       "      <td>0.179721</td>\n",
       "      <td>0.425322</td>\n",
       "      <td>0.280427</td>\n",
       "      <td>1.000000</td>\n",
       "      <td>0.436347</td>\n",
       "      <td>0.384054</td>\n",
       "      <td>0.449556</td>\n",
       "      <td>0.437647</td>\n",
       "      <td>0.228185</td>\n",
       "      <td>0.142755</td>\n",
       "      <td>0.116370</td>\n",
       "      <td>0.103352</td>\n",
       "      <td>0.125111</td>\n",
       "      <td>0.207957</td>\n",
       "      <td>0.167768</td>\n",
       "    </tr>\n",
       "    <tr>\n",
       "      <th>8</th>\n",
       "      <td>0.580614</td>\n",
       "      <td>0.513196</td>\n",
       "      <td>0.610445</td>\n",
       "      <td>0.274180</td>\n",
       "      <td>0.384238</td>\n",
       "      <td>0.714451</td>\n",
       "      <td>0.497281</td>\n",
       "      <td>0.436347</td>\n",
       "      <td>1.000000</td>\n",
       "      <td>0.867745</td>\n",
       "      <td>0.960821</td>\n",
       "      <td>0.794263</td>\n",
       "      <td>0.564912</td>\n",
       "      <td>0.413340</td>\n",
       "      <td>0.284968</td>\n",
       "      <td>0.212952</td>\n",
       "      <td>0.283025</td>\n",
       "      <td>0.550754</td>\n",
       "      <td>0.401055</td>\n",
       "    </tr>\n",
       "    <tr>\n",
       "      <th>9</th>\n",
       "      <td>0.597084</td>\n",
       "      <td>0.539099</td>\n",
       "      <td>0.604783</td>\n",
       "      <td>0.232567</td>\n",
       "      <td>0.384819</td>\n",
       "      <td>0.670710</td>\n",
       "      <td>0.569818</td>\n",
       "      <td>0.384054</td>\n",
       "      <td>0.867745</td>\n",
       "      <td>1.000000</td>\n",
       "      <td>0.868374</td>\n",
       "      <td>0.744883</td>\n",
       "      <td>0.526181</td>\n",
       "      <td>0.352774</td>\n",
       "      <td>0.268816</td>\n",
       "      <td>0.216214</td>\n",
       "      <td>0.277332</td>\n",
       "      <td>0.509409</td>\n",
       "      <td>0.400685</td>\n",
       "    </tr>\n",
       "    <tr>\n",
       "      <th>10</th>\n",
       "      <td>0.560770</td>\n",
       "      <td>0.509621</td>\n",
       "      <td>0.613475</td>\n",
       "      <td>0.263128</td>\n",
       "      <td>0.382773</td>\n",
       "      <td>0.722985</td>\n",
       "      <td>0.493837</td>\n",
       "      <td>0.449556</td>\n",
       "      <td>0.960821</td>\n",
       "      <td>0.868374</td>\n",
       "      <td>1.000000</td>\n",
       "      <td>0.793416</td>\n",
       "      <td>0.551565</td>\n",
       "      <td>0.384430</td>\n",
       "      <td>0.284988</td>\n",
       "      <td>0.206942</td>\n",
       "      <td>0.275707</td>\n",
       "      <td>0.536623</td>\n",
       "      <td>0.353758</td>\n",
       "    </tr>\n",
       "    <tr>\n",
       "      <th>11</th>\n",
       "      <td>0.786020</td>\n",
       "      <td>0.677672</td>\n",
       "      <td>0.787780</td>\n",
       "      <td>0.285094</td>\n",
       "      <td>0.413764</td>\n",
       "      <td>0.749517</td>\n",
       "      <td>0.535180</td>\n",
       "      <td>0.437647</td>\n",
       "      <td>0.794263</td>\n",
       "      <td>0.744883</td>\n",
       "      <td>0.793416</td>\n",
       "      <td>1.000000</td>\n",
       "      <td>0.500619</td>\n",
       "      <td>0.345697</td>\n",
       "      <td>0.323725</td>\n",
       "      <td>0.257895</td>\n",
       "      <td>0.318353</td>\n",
       "      <td>0.529737</td>\n",
       "      <td>0.539485</td>\n",
       "    </tr>\n",
       "    <tr>\n",
       "      <th>12</th>\n",
       "      <td>0.400226</td>\n",
       "      <td>0.416495</td>\n",
       "      <td>0.441719</td>\n",
       "      <td>0.244404</td>\n",
       "      <td>0.358302</td>\n",
       "      <td>0.456245</td>\n",
       "      <td>0.356351</td>\n",
       "      <td>0.228185</td>\n",
       "      <td>0.564912</td>\n",
       "      <td>0.526181</td>\n",
       "      <td>0.551565</td>\n",
       "      <td>0.500619</td>\n",
       "      <td>1.000000</td>\n",
       "      <td>0.410141</td>\n",
       "      <td>0.274159</td>\n",
       "      <td>0.208485</td>\n",
       "      <td>0.284180</td>\n",
       "      <td>0.548681</td>\n",
       "      <td>0.283644</td>\n",
       "    </tr>\n",
       "    <tr>\n",
       "      <th>13</th>\n",
       "      <td>0.281795</td>\n",
       "      <td>0.269401</td>\n",
       "      <td>0.331692</td>\n",
       "      <td>0.462734</td>\n",
       "      <td>0.635043</td>\n",
       "      <td>0.310198</td>\n",
       "      <td>0.207031</td>\n",
       "      <td>0.142755</td>\n",
       "      <td>0.413340</td>\n",
       "      <td>0.352774</td>\n",
       "      <td>0.384430</td>\n",
       "      <td>0.345697</td>\n",
       "      <td>0.410141</td>\n",
       "      <td>1.000000</td>\n",
       "      <td>0.459666</td>\n",
       "      <td>0.313232</td>\n",
       "      <td>0.478258</td>\n",
       "      <td>0.656429</td>\n",
       "      <td>0.188814</td>\n",
       "    </tr>\n",
       "    <tr>\n",
       "      <th>14</th>\n",
       "      <td>0.244082</td>\n",
       "      <td>0.220473</td>\n",
       "      <td>0.261490</td>\n",
       "      <td>0.338570</td>\n",
       "      <td>0.376395</td>\n",
       "      <td>0.243541</td>\n",
       "      <td>0.178805</td>\n",
       "      <td>0.116370</td>\n",
       "      <td>0.284968</td>\n",
       "      <td>0.268816</td>\n",
       "      <td>0.284988</td>\n",
       "      <td>0.323725</td>\n",
       "      <td>0.274159</td>\n",
       "      <td>0.459666</td>\n",
       "      <td>1.000000</td>\n",
       "      <td>0.643267</td>\n",
       "      <td>0.934791</td>\n",
       "      <td>0.443449</td>\n",
       "      <td>0.199616</td>\n",
       "    </tr>\n",
       "    <tr>\n",
       "      <th>15</th>\n",
       "      <td>0.188845</td>\n",
       "      <td>0.174854</td>\n",
       "      <td>0.209957</td>\n",
       "      <td>0.279203</td>\n",
       "      <td>0.264818</td>\n",
       "      <td>0.214831</td>\n",
       "      <td>0.130253</td>\n",
       "      <td>0.103352</td>\n",
       "      <td>0.212952</td>\n",
       "      <td>0.216214</td>\n",
       "      <td>0.206942</td>\n",
       "      <td>0.257895</td>\n",
       "      <td>0.208485</td>\n",
       "      <td>0.313232</td>\n",
       "      <td>0.643267</td>\n",
       "      <td>1.000000</td>\n",
       "      <td>0.666285</td>\n",
       "      <td>0.287488</td>\n",
       "      <td>0.144765</td>\n",
       "    </tr>\n",
       "    <tr>\n",
       "      <th>16</th>\n",
       "      <td>0.245435</td>\n",
       "      <td>0.243412</td>\n",
       "      <td>0.274910</td>\n",
       "      <td>0.334117</td>\n",
       "      <td>0.391415</td>\n",
       "      <td>0.259537</td>\n",
       "      <td>0.174894</td>\n",
       "      <td>0.125111</td>\n",
       "      <td>0.283025</td>\n",
       "      <td>0.277332</td>\n",
       "      <td>0.275707</td>\n",
       "      <td>0.318353</td>\n",
       "      <td>0.284180</td>\n",
       "      <td>0.478258</td>\n",
       "      <td>0.934791</td>\n",
       "      <td>0.666285</td>\n",
       "      <td>1.000000</td>\n",
       "      <td>0.434457</td>\n",
       "      <td>0.194054</td>\n",
       "    </tr>\n",
       "    <tr>\n",
       "      <th>17</th>\n",
       "      <td>0.422442</td>\n",
       "      <td>0.398190</td>\n",
       "      <td>0.484916</td>\n",
       "      <td>0.388013</td>\n",
       "      <td>0.657110</td>\n",
       "      <td>0.487986</td>\n",
       "      <td>0.380618</td>\n",
       "      <td>0.207957</td>\n",
       "      <td>0.550754</td>\n",
       "      <td>0.509409</td>\n",
       "      <td>0.536623</td>\n",
       "      <td>0.529737</td>\n",
       "      <td>0.548681</td>\n",
       "      <td>0.656429</td>\n",
       "      <td>0.443449</td>\n",
       "      <td>0.287488</td>\n",
       "      <td>0.434457</td>\n",
       "      <td>1.000000</td>\n",
       "      <td>0.330591</td>\n",
       "    </tr>\n",
       "    <tr>\n",
       "      <th>18</th>\n",
       "      <td>0.639605</td>\n",
       "      <td>0.458801</td>\n",
       "      <td>0.482888</td>\n",
       "      <td>0.107726</td>\n",
       "      <td>0.177750</td>\n",
       "      <td>0.329372</td>\n",
       "      <td>0.300129</td>\n",
       "      <td>0.167768</td>\n",
       "      <td>0.401055</td>\n",
       "      <td>0.400685</td>\n",
       "      <td>0.353758</td>\n",
       "      <td>0.539485</td>\n",
       "      <td>0.283644</td>\n",
       "      <td>0.188814</td>\n",
       "      <td>0.199616</td>\n",
       "      <td>0.144765</td>\n",
       "      <td>0.194054</td>\n",
       "      <td>0.330591</td>\n",
       "      <td>1.000000</td>\n",
       "    </tr>\n",
       "  </tbody>\n",
       "</table>\n",
       "</div>"
      ],
      "text/plain": [
       "          0         1         2         3         4         5         6   \\\n",
       "0   1.000000  0.739133  0.870510  0.163681  0.292249  0.495627  0.432162   \n",
       "1   0.739133  1.000000  0.747756  0.147807  0.259126  0.456576  0.391501   \n",
       "2   0.870510  0.747756  1.000000  0.198287  0.330811  0.545250  0.438801   \n",
       "3   0.163681  0.147807  0.198287  1.000000  0.355737  0.272472  0.117320   \n",
       "4   0.292249  0.259126  0.330811  0.355737  1.000000  0.502407  0.375642   \n",
       "5   0.495627  0.456576  0.545250  0.272472  0.502407  1.000000  0.679076   \n",
       "6   0.432162  0.391501  0.438801  0.117320  0.375642  0.679076  1.000000   \n",
       "7   0.277281  0.244360  0.309499  0.118027  0.179721  0.425322  0.280427   \n",
       "8   0.580614  0.513196  0.610445  0.274180  0.384238  0.714451  0.497281   \n",
       "9   0.597084  0.539099  0.604783  0.232567  0.384819  0.670710  0.569818   \n",
       "10  0.560770  0.509621  0.613475  0.263128  0.382773  0.722985  0.493837   \n",
       "11  0.786020  0.677672  0.787780  0.285094  0.413764  0.749517  0.535180   \n",
       "12  0.400226  0.416495  0.441719  0.244404  0.358302  0.456245  0.356351   \n",
       "13  0.281795  0.269401  0.331692  0.462734  0.635043  0.310198  0.207031   \n",
       "14  0.244082  0.220473  0.261490  0.338570  0.376395  0.243541  0.178805   \n",
       "15  0.188845  0.174854  0.209957  0.279203  0.264818  0.214831  0.130253   \n",
       "16  0.245435  0.243412  0.274910  0.334117  0.391415  0.259537  0.174894   \n",
       "17  0.422442  0.398190  0.484916  0.388013  0.657110  0.487986  0.380618   \n",
       "18  0.639605  0.458801  0.482888  0.107726  0.177750  0.329372  0.300129   \n",
       "\n",
       "          7         8         9         10        11        12        13  \\\n",
       "0   0.277281  0.580614  0.597084  0.560770  0.786020  0.400226  0.281795   \n",
       "1   0.244360  0.513196  0.539099  0.509621  0.677672  0.416495  0.269401   \n",
       "2   0.309499  0.610445  0.604783  0.613475  0.787780  0.441719  0.331692   \n",
       "3   0.118027  0.274180  0.232567  0.263128  0.285094  0.244404  0.462734   \n",
       "4   0.179721  0.384238  0.384819  0.382773  0.413764  0.358302  0.635043   \n",
       "5   0.425322  0.714451  0.670710  0.722985  0.749517  0.456245  0.310198   \n",
       "6   0.280427  0.497281  0.569818  0.493837  0.535180  0.356351  0.207031   \n",
       "7   1.000000  0.436347  0.384054  0.449556  0.437647  0.228185  0.142755   \n",
       "8   0.436347  1.000000  0.867745  0.960821  0.794263  0.564912  0.413340   \n",
       "9   0.384054  0.867745  1.000000  0.868374  0.744883  0.526181  0.352774   \n",
       "10  0.449556  0.960821  0.868374  1.000000  0.793416  0.551565  0.384430   \n",
       "11  0.437647  0.794263  0.744883  0.793416  1.000000  0.500619  0.345697   \n",
       "12  0.228185  0.564912  0.526181  0.551565  0.500619  1.000000  0.410141   \n",
       "13  0.142755  0.413340  0.352774  0.384430  0.345697  0.410141  1.000000   \n",
       "14  0.116370  0.284968  0.268816  0.284988  0.323725  0.274159  0.459666   \n",
       "15  0.103352  0.212952  0.216214  0.206942  0.257895  0.208485  0.313232   \n",
       "16  0.125111  0.283025  0.277332  0.275707  0.318353  0.284180  0.478258   \n",
       "17  0.207957  0.550754  0.509409  0.536623  0.529737  0.548681  0.656429   \n",
       "18  0.167768  0.401055  0.400685  0.353758  0.539485  0.283644  0.188814   \n",
       "\n",
       "          14        15        16        17        18  \n",
       "0   0.244082  0.188845  0.245435  0.422442  0.639605  \n",
       "1   0.220473  0.174854  0.243412  0.398190  0.458801  \n",
       "2   0.261490  0.209957  0.274910  0.484916  0.482888  \n",
       "3   0.338570  0.279203  0.334117  0.388013  0.107726  \n",
       "4   0.376395  0.264818  0.391415  0.657110  0.177750  \n",
       "5   0.243541  0.214831  0.259537  0.487986  0.329372  \n",
       "6   0.178805  0.130253  0.174894  0.380618  0.300129  \n",
       "7   0.116370  0.103352  0.125111  0.207957  0.167768  \n",
       "8   0.284968  0.212952  0.283025  0.550754  0.401055  \n",
       "9   0.268816  0.216214  0.277332  0.509409  0.400685  \n",
       "10  0.284988  0.206942  0.275707  0.536623  0.353758  \n",
       "11  0.323725  0.257895  0.318353  0.529737  0.539485  \n",
       "12  0.274159  0.208485  0.284180  0.548681  0.283644  \n",
       "13  0.459666  0.313232  0.478258  0.656429  0.188814  \n",
       "14  1.000000  0.643267  0.934791  0.443449  0.199616  \n",
       "15  0.643267  1.000000  0.666285  0.287488  0.144765  \n",
       "16  0.934791  0.666285  1.000000  0.434457  0.194054  \n",
       "17  0.443449  0.287488  0.434457  1.000000  0.330591  \n",
       "18  0.199616  0.144765  0.194054  0.330591  1.000000  "
      ]
     },
     "execution_count": 5,
     "metadata": {},
     "output_type": "execute_result"
    }
   ],
   "source": [
    "import numpy as np\n",
    "import pandas as pd\n",
    "print([re.split(r'[\\[\\]]', full_gutenberg[doc][0:50])[1] for doc in range(X.shape[0])])\n",
    "pd.DataFrame(np.array((X*X.T).todense()))"
   ]
  },
  {
   "cell_type": "code",
   "execution_count": 6,
   "metadata": {},
   "outputs": [
    {
     "name": "stderr",
     "output_type": "stream",
     "text": [
      "[nltk_data] Downloading package reuters to /home/user/nltk_data...\n",
      "[nltk_data]   Package reuters is already up-to-date!\n"
     ]
    },
    {
     "name": "stdout",
     "output_type": "stream",
     "text": [
      "ASIAN EXPORTERS FEAR DAMAGE FROM U.S.-JAPAN RIFT\n",
      "  Mounting trade friction between the\n",
      "  U.S. And Japan has raised fears among many of Asia's exporting\n",
      "  nations that the row could inflict far-reaching economic\n",
      "  damage, businessmen and officials said.\n",
      "      They told Reuter correspondents in Asian capitals a U.S.\n",
      "  Move against Japan might boost protectionist sentiment in the\n",
      "  U.S. And lead to curbs on American imports of their products.\n",
      "      But some exporters said that while the conflict would hurt\n",
      "  them in the long-run, in the short-term Tokyo's loss might be\n",
      "  their gain.\n",
      "      The U.S. Has said it will impose 300 mln dlrs of tariffs on\n",
      "  imports of Japanese electronics goods on April 17, in\n",
      "  retaliation for Japan's alleged failure to stick to a pact not\n",
      "  to sell semiconductors on world markets at below cost.\n",
      "      Unofficial Japanese estimates put the impact of the tariffs\n",
      "  at 10 billion dlrs and spokesmen for major electronics firms\n",
      "  said they would virtually halt exports of products hit by the\n",
      "  new taxes.\n",
      "      \"We wouldn't be able to do business,\" said a spokesman for\n",
      "  leading Japanese electronics firm Matsushita Electric\n",
      "  Industrial Co Ltd &lt;MC.T>.\n",
      "      \"If the tariffs remain in place for any length of time\n",
      "  beyond a few months it will mean the complete erosion of\n",
      "  exports (of goods subject to tariffs) to the U.S.,\" said Tom\n",
      "  Murtha, a stock analyst at the Tokyo office of broker &lt;James\n",
      "  Capel and Co>.\n",
      "      In Taiwan, businessmen and officials are also worried.\n",
      "      \"We are aware of the seriousness of the U.S. Threat against\n",
      "  Japan because it serves as a warning to us,\" said a senior\n",
      "  Taiwanese trade official who asked not to be named.\n",
      "      Taiwan had a trade trade surplus of 15.6 billion dlrs last\n",
      "  year, 95 pct of it with the U.S.\n",
      "      The surplus helped swell Taiwan's foreign exchange reserves\n",
      "  to 53 billion dlrs, among the world's largest.\n",
      "      \"We must quickly open our markets, remove trade barriers and\n",
      "  cut import tariffs to allow imports of U.S. Products, if we\n",
      "  want to defuse problems from possible U.S. Retaliation,\" said\n",
      "  Paul Sheen, chairman of textile exporters &lt;Taiwan Safe Group>.\n",
      "      A senior official of South Korea's trade promotion\n",
      "  association said the trade dispute between the U.S. And Japan\n",
      "  might also lead to pressure on South Korea, whose chief exports\n",
      "  are similar to those of Japan.\n",
      "      Last year South Korea had a trade surplus of 7.1 billion\n",
      "  dlrs with the U.S., Up from 4.9 billion dlrs in 1985.\n",
      "      In Malaysia, trade officers and businessmen said tough\n",
      "  curbs against Japan might allow hard-hit producers of\n",
      "  semiconductors in third countries to expand their sales to the\n",
      "  U.S.\n",
      "      In Hong Kong, where newspapers have alleged Japan has been\n",
      "  selling below-cost semiconductors, some electronics\n",
      "  manufacturers share that view. But other businessmen said such\n",
      "  a short-term commercial advantage would be outweighed by\n",
      "  further U.S. Pressure to block imports.\n",
      "      \"That is a very short-term view,\" said Lawrence Mills,\n",
      "  director-general of the Federation of Hong Kong Industry.\n",
      "      \"If the whole purpose is to prevent imports, one day it will\n",
      "  be extended to other sources. Much more serious for Hong Kong\n",
      "  is the disadvantage of action restraining trade,\" he said.\n",
      "      The U.S. Last year was Hong Kong's biggest export market,\n",
      "  accounting for over 30 pct of domestically produced exports.\n",
      "      The Australian government is awaiting the outcome of trade\n",
      "  talks between the U.S. And Japan with interest and concern,\n",
      "  Industry Minister John Button said in Canberra last Friday.\n",
      "      \"This kind of deterioration in trade relations between two\n",
      "  countries which are major trading partners of ours is a very\n",
      "  serious matter,\" Button said.\n",
      "      He said Australia's concerns centred on coal and beef,\n",
      "  Australia's two largest exports to Japan and also significant\n",
      "  U.S. Exports to that country.\n",
      "      Meanwhile U.S.-Japanese diplomatic manoeuvres to solve the\n",
      "  trade stand-off continue.\n",
      "      Japan's ruling Liberal Democratic Party yesterday outlined\n",
      "  a package of economic measures to boost the Japanese economy.\n",
      "      The measures proposed include a large supplementary budget\n",
      "  and record public works spending in the first half of the\n",
      "  financial year.\n",
      "      They also call for stepped-up spending as an emergency\n",
      "  measure to stimulate the economy despite Prime Minister\n",
      "  Yasuhiro Nakasone's avowed fiscal reform program.\n",
      "      Deputy U.S. Trade Representative Michael Smith and Makoto\n",
      "  Kuroda, Japan's deputy minister of International Trade and\n",
      "  Industry (MITI), are due to meet in Washington this week in an\n",
      "  effort to end the dispute.\n",
      "  \n",
      "\n",
      "\n"
     ]
    },
    {
     "data": {
      "text/plain": [
       "10788"
      ]
     },
     "execution_count": 6,
     "metadata": {},
     "output_type": "execute_result"
    }
   ],
   "source": [
    "from nltk.corpus import reuters\n",
    "nltk.download('reuters')\n",
    "reuters.fileids()\n",
    "full_reuters = [nltk.corpus.reuters.raw(f) for f in nltk.corpus.reuters.fileids()]\n",
    "print(full_reuters[0])\n",
    "len(full_reuters)"
   ]
  },
  {
   "cell_type": "code",
   "execution_count": 7,
   "metadata": {},
   "outputs": [
    {
     "data": {
      "text/plain": [
       "['CorpusView',\n",
       " '__class__',\n",
       " '__delattr__',\n",
       " '__dict__',\n",
       " '__dir__',\n",
       " '__doc__',\n",
       " '__eq__',\n",
       " '__format__',\n",
       " '__ge__',\n",
       " '__getattribute__',\n",
       " '__gt__',\n",
       " '__hash__',\n",
       " '__init__',\n",
       " '__init_subclass__',\n",
       " '__le__',\n",
       " '__lt__',\n",
       " '__module__',\n",
       " '__ne__',\n",
       " '__new__',\n",
       " '__reduce__',\n",
       " '__reduce_ex__',\n",
       " '__repr__',\n",
       " '__setattr__',\n",
       " '__sizeof__',\n",
       " '__str__',\n",
       " '__subclasshook__',\n",
       " '__weakref__',\n",
       " '_add',\n",
       " '_c2f',\n",
       " '_citation',\n",
       " '_delimiter',\n",
       " '_encoding',\n",
       " '_f2c',\n",
       " '_file',\n",
       " '_fileids',\n",
       " '_get_root',\n",
       " '_init',\n",
       " '_license',\n",
       " '_map',\n",
       " '_para_block_reader',\n",
       " '_pattern',\n",
       " '_read_para_block',\n",
       " '_read_sent_block',\n",
       " '_read_word_block',\n",
       " '_readme',\n",
       " '_resolve',\n",
       " '_root',\n",
       " '_sent_tokenizer',\n",
       " '_tagset',\n",
       " '_unload',\n",
       " '_word_tokenizer',\n",
       " 'abspath',\n",
       " 'abspaths',\n",
       " 'categories',\n",
       " 'citation',\n",
       " 'encoding',\n",
       " 'ensure_loaded',\n",
       " 'fileids',\n",
       " 'license',\n",
       " 'open',\n",
       " 'paras',\n",
       " 'raw',\n",
       " 'readme',\n",
       " 'root',\n",
       " 'sents',\n",
       " 'words']"
      ]
     },
     "execution_count": 7,
     "metadata": {},
     "output_type": "execute_result"
    }
   ],
   "source": [
    "dir(reuters)"
   ]
  },
  {
   "cell_type": "code",
   "execution_count": 8,
   "metadata": {},
   "outputs": [
    {
     "data": {
      "text/plain": [
       "'\\n      The Reuters-21578 benchmark corpus, ApteMod version\\n\\nThis is a publically available version of the well-known Reuters-21578\\n\"ApteMod\" corpus for text categorization.  It has been used in\\npublications like these:\\n\\n * Yiming Yang and X. Liu. \"A re-examination of text categorization\\n   methods\".  1999.  Proceedings of 22nd Annual International SIGIR.\\n   http://citeseer.nj.nec.com/yang99reexamination.html\\n\\n * Thorsten Joachims. \"Text categorization with support vector\\n   machines: learning with many relevant features\".  1998. Proceedings\\n   of ECML-98, 10th European Conference on Machine Learning.\\n   http://citeseer.nj.nec.com/joachims98text.html\\n\\nApteMod is a collection of 10,788 documents from the Reuters financial\\nnewswire service, partitioned into a training set with 7769 documents\\nand a test set with 3019 documents.  The total size of the corpus is\\nabout 43 MB.  It is also available for download from\\nhttp://kdd.ics.uci.edu/databases/reuters21578/reuters21578.html ,\\nwhich includes a more extensive history of the data revisions.\\n\\nThe distribution of categories in the ApteMod corpus is highly skewed,\\nwith 36.7% of the documents in the most common category, and only\\n0.0185% (2 documents) in each of the five least common categories.\\nIn fact, the original data source is even more skewed---in creating\\nthe corpus, any categories that did not contain at least one document\\nin the training set and one document in the test set were removed from\\nthe corpus by its original creator.\\n\\nIn the ApteMod corpus, each document belongs to one or more\\ncategories.  There are 90 categories in the corpus.  The average\\nnumber of categories per document is 1.235, and the average number of\\ndocuments per category is about 148, or 1.37% of the corpus.\\n\\n -Ken Williams\\n  ken@mathforum.org\\n\\n         Copyright & Notification \\n\\n(extracted from the README at the UCI address above)\\n\\nThe copyright for the text of newswire articles and Reuters\\nannotations in the Reuters-21578 collection resides with Reuters Ltd.\\nReuters Ltd. and Carnegie Group, Inc. have agreed to allow the free\\ndistribution of this data *for research purposes only*.  \\n\\nIf you publish results based on this data set, please acknowledge\\nits use, refer to the data set by the name \"Reuters-21578,\\nDistribution 1.0\", and inform your readers of the current location of\\nthe data set (see \"Availability & Questions\").\\n\\n'"
      ]
     },
     "execution_count": 8,
     "metadata": {},
     "output_type": "execute_result"
    }
   ],
   "source": [
